n	LeafLength	Marker	FileName
1	55.8991	1	636.JPG
2	149.8290	1	636.JPG
3	272.5266	1	636.JPG
4	113.9814	1	636.JPG
5	216.7355	1	636.JPG
6	92.5016	2	637.JPG
7	252.6009	2	637.JPG
8	307.8861	2	637.JPG
9	207.8852	2	637.JPG
10	34.2739	4	639.JPG
11	116.4960	4	639.JPG
12	254.7988	4	639.JPG
13	312.4564	4	639.JPG
14	254.6899	4	639.JPG
15	94.7588	6	641.JPG
16	264.5233	6	641.JPG
17	464.4813	6	641.JPG
18	469.7392	6	641.JPG
19	351.8096	6	641.JPG
20	0.8037	7	642.JPG
21	1.7609	7	642.JPG
22	2.8817	7	642.JPG
23	3.5270	7	642.JPG
24	3.1617	7	642.JPG
25	1.8754	7	642.JPG
26	60.3272	9	644.JPG
27	166.3850	9	644.JPG
28	236.6205	9	644.JPG
29	275.6018	9	644.JPG
30	218.7975	9	644.JPG
31	69.5595	10	645.JPG
32	134.2474	10	645.JPG
33	222.4973	10	645.JPG
34	287.2051	10	645.JPG
35	211.9002	10	645.JPG
36	79.6356	12	647.JPG
37	246.2505	12	647.JPG
38	364.6493	12	647.JPG
39	269.8200	12	647.JPG
40	59.1813	14	649.JPG
41	95.5524	14	649.JPG
42	237.8583	14	649.JPG
43	308.7411	14	649.JPG
44	182.8198	14	649.JPG
45	84.3692	17	652.JPG
46	122.9480	17	652.JPG
47	254.2522	17	652.JPG
48	304.7545	17	652.JPG
49	220.4725	17	652.JPG
50	69.8099	18	653.JPG
51	168.3473	18	653.JPG
52	251.7327	18	653.JPG
53	208.5922	18	653.JPG
54	86.2629	20	655.JPG
55	209.0494	20	655.JPG
56	280.7010	20	655.JPG
57	168.3997	20	655.JPG
58	140.9139	22	657.JPG
59	260.9480	22	657.JPG
60	345.1789	22	657.JPG
61	230.2329	22	657.JPG
62	55.1226	24	659.JPG
63	171.5040	24	659.JPG
64	296.9163	24	659.JPG
65	233.8228	24	659.JPG
66	70.0938	26	661.JPG
67	211.3315	26	661.JPG
68	337.9213	26	661.JPG
69	287.3031	26	661.JPG
70	70.1672	28	663.JPG
71	191.0377	28	663.JPG
72	305.0670	28	663.JPG
73	244.0712	28	663.JPG
74	99.5431	30	665.JPG
75	247.5517	30	665.JPG
76	364.6149	30	665.JPG
77	254.4612	30	665.JPG
78	55.8778	32	667.JPG
79	189.1720	32	667.JPG
80	321.9061	32	667.JPG
81	223.5831	32	667.JPG
82	128.7208	34	669.JPG
83	262.1491	34	669.JPG
84	352.4656	34	669.JPG
85	257.2210	34	669.JPG
86	59.3667	36	671.JPG
87	154.0940	36	671.JPG
88	285.2382	36	671.JPG
89	73.6661	38	673.JPG
90	247.8562	38	673.JPG
91	429.8173	38	673.JPG
92	391.6172	38	673.JPG
93	207.7877	38	673.JPG
94	48.4315	39	674.JPG
95	160.0811	39	674.JPG
96	264.3120	39	674.JPG
97	281.4677	39	674.JPG
98	150.2718	39	674.JPG
99	77.8603	41	676.JPG
100	129.9068	41	676.JPG
101	233.6740	41	676.JPG
102	265.2831	41	676.JPG
103	164.1691	41	676.JPG
104	136.3330	42	677.JPG
105	227.1996	42	677.JPG
106	323.9547	42	677.JPG
107	218.1486	42	677.JPG
108	143.8554	43	678.JPG
109	282.1648	43	678.JPG
110	251.1321	43	678.JPG
111	198.5353	43	678.JPG
112	244.3622	44	679.JPG
113	387.8276	44	679.JPG
114	381.6764	44	679.JPG
115	281.7923	44	679.JPG
116	105.6619	45	680.JPG
117	244.9027	45	680.JPG
118	381.5483	45	680.JPG
119	385.8103	45	680.JPG
120	247.7338	45	680.JPG
121	81.0815	46	681.JPG
122	186.1235	46	681.JPG
123	297.6892	46	681.JPG
124	155.3015	46	681.JPG
125	266.5441	46	681.JPG
126	73.5198	47	682.JPG
127	166.4281	47	682.JPG
128	340.7003	47	682.JPG
129	154.5298	47	682.JPG
130	278.6829	47	682.JPG
131	205.3472	49	684.JPG
132	339.2120	49	684.JPG
133	380.8013	49	684.JPG
134	310.2208	49	684.JPG
135	173.0497	50	685.JPG
136	312.0833	50	685.JPG
137	127.0009	50	685.JPG
138	325.5012	50	685.JPG
139	191.0407	50	685.JPG
140	150.3939	57	692.JPG
141	562.4824	57	692.JPG
142	685.0952	57	692.JPG
143	489.6189	57	692.JPG
144	201.5537	57	692.JPG
145	182.7745	58	693.JPG
146	882.5143	58	693.JPG
147	510.5250	58	693.JPG
148	895.2138	58	693.JPG
149	612.1198	58	693.JPG
150	527.0684	58	693.JPG
151	116.2482	59	694.JPG
152	193.0505	59	694.JPG
153	316.8714	59	694.JPG
154	284.9244	59	694.JPG
155	295.8881	59	694.JPG
156	237.6483	59	694.JPG
157	88.9669	60	695.JPG
158	171.6979	60	695.JPG
159	187.8160	60	695.JPG
160	98.8185	60	695.JPG
161	280.2342	60	695.JPG
162	177.7287	60	695.JPG
163	76.3556	61	696.JPG
164	172.0118	61	696.JPG
165	250.6649	61	696.JPG
166	297.0699	61	696.JPG
167	180.1632	61	696.JPG
168	53.9133	63	698.JPG
169	182.3806	63	698.JPG
170	286.5236	63	698.JPG
171	352.0761	63	698.JPG
172	189.2453	63	698.JPG
173	52.1672	65	700.JPG
174	118.5444	65	700.JPG
175	186.0872	65	700.JPG
176	308.3148	65	700.JPG
177	178.4985	65	700.JPG
178	182.2182	67	702.JPG
179	311.0341	67	702.JPG
180	307.4713	67	702.JPG
181	162.2625	67	702.JPG
182	58.5071	69	704.JPG
183	176.7120	69	704.JPG
184	289.7219	69	704.JPG
185	315.8220	69	704.JPG
186	162.3790	69	704.JPG
187	75.7975	71	706.JPG
188	204.3953	71	706.JPG
189	337.2138	71	706.JPG
190	381.7933	71	706.JPG
191	203.2402	71	706.JPG
192	88.0647	73	708.JPG
193	190.3197	73	708.JPG
194	304.2202	73	708.JPG
195	161.7246	73	708.JPG
196	53.7022	75	710.JPG
197	139.9114	75	710.JPG
198	286.5396	75	710.JPG
199	319.9549	75	710.JPG
200	159.9915	75	710.JPG
201	304.2961	77	712.JPG
202	200.1732	77	712.JPG
203	523.5341	77	712.JPG
204	283.1232	77	712.JPG
205	51.7199	79	714.JPG
206	132.5201	79	714.JPG
207	226.0001	79	714.JPG
208	116.7853	79	714.JPG
209	101.5536	81	716.JPG
210	171.8318	81	716.JPG
211	274.0356	81	716.JPG
212	308.0570	81	716.JPG
213	331.2281	81	716.JPG
214	217.2775	81	716.JPG
215	196.6614	83	718.JPG
216	306.3594	83	718.JPG
217	388.6996	83	718.JPG
218	363.3301	83	718.JPG
219	218.4033	83	718.JPG
220	198.9371	84	719.JPG
221	290.7983	84	719.JPG
222	361.6092	84	719.JPG
223	370.6668	84	719.JPG
224	211.1557	84	719.JPG
225	183.7812	86	750.JPG
226	107.8112	86	750.JPG
227	411.7938	86	750.JPG
228	267.7700	86	750.JPG
229	70.7407	87	751.JPG
230	225.3064	87	751.JPG
231	332.5858	87	751.JPG
232	389.3766	87	751.JPG
233	238.7164	87	751.JPG
234	68.2466	90	754.JPG
235	118.4559	90	754.JPG
236	212.0147	90	754.JPG
237	346.5306	90	754.JPG
238	199.7158	90	754.JPG
239	77.0284	92	756.JPG
240	215.9598	92	756.JPG
241	306.5650	92	756.JPG
242	424.0651	92	756.JPG
243	231.0554	92	756.JPG
244	165.2528	94	759.JPG
245	313.6991	94	759.JPG
246	335.8822	94	759.JPG
247	192.0626	94	759.JPG
248	56.4661	99	813.JPG
249	143.7806	99	813.JPG
250	227.2697	99	813.JPG
251	127.1973	99	813.JPG
252	55.3119	100	814.JPG
253	144.2043	100	814.JPG
254	267.2505	100	814.JPG
255	189.3101	100	814.JPG
256	87.1389	102	816.JPG
257	179.7192	102	816.JPG
258	312.9339	102	816.JPG
259	435.4760	102	816.JPG
260	360.0677	102	816.JPG
261	206.4803	102	816.JPG
262	69.4754	104	818.JPG
263	218.6407	104	818.JPG
264	368.2117	104	818.JPG
265	192.0280	104	818.JPG
266	83.0160	107	821.JPG
267	211.6799	107	821.JPG
268	288.5720	107	821.JPG
269	149.0740	107	821.JPG
270	83.1361	108	822.JPG
271	236.8248	108	822.JPG
272	401.4055	108	822.JPG
273	242.0833	108	822.JPG
274	56.9168	110	824.JPG
275	157.4716	110	824.JPG
276	245.8224	110	824.JPG
277	152.5894	110	824.JPG
278	78.8861	113	827.JPG
279	221.3155	113	827.JPG
280	375.2211	113	827.JPG
281	237.5770	113	827.JPG
282	63.7000	115	829.JPG
283	147.3753	115	829.JPG
284	211.3533	115	829.JPG
285	115.6953	115	829.JPG
286	63.4028	116	830.JPG
287	150.7398	116	830.JPG
288	212.7133	116	830.JPG
289	114.6135	116	830.JPG
290	52.7110	117	831.JPG
291	130.2259	117	831.JPG
292	203.7208	117	831.JPG
293	116.9367	117	831.JPG
294	50.7108	118	832.JPG
295	129.5937	118	832.JPG
296	200.4110	118	832.JPG
297	115.3705	118	832.JPG
298	93.3929	119	833.JPG
299	224.4427	119	833.JPG
300	377.2417	119	833.JPG
301	277.7884	119	833.JPG
302	90.9251	120	834.JPG
303	225.2974	120	834.JPG
304	377.4862	120	834.JPG
305	278.4077	120	834.JPG

