Marker	FileName	Leaf_1	Leaf_2	Leaf_3	Leaf_4	Leaf_5

1	636.JPG	55.8991	149.8290	272.5266	113.9814	216.7355
2	637.JPG	92.5016	252.6009	307.8861	207.8852
4	639.JPG	34.2739	116.4960	254.7988	312.4564	254.6899
6	641.JPG	94.7588	264.5233	464.4813	469.7392	351.8096
7	642.JPG	0.8037	1.7609	2.8817	3.5270	3.1617	1.8754
9	644.JPG	60.3272	166.3850	236.6205	275.6018	218.7975
10	645.JPG	69.5595	134.2474	222.4973	287.2051	211.9002
12	647.JPG	79.6356	246.2505	364.6493	269.8200
14	649.JPG	59.1813	95.5524	237.8583	308.7411	182.8198
17	652.JPG	84.3692	122.9480	254.2522	304.7545	220.4725
18	653.JPG	69.8099	168.3473	251.7327	208.5922
20	655.JPG	86.2629	209.0494	280.7010	168.3997
22	657.JPG	140.9139	260.9480	345.1789	230.2329
24	659.JPG	55.1226	171.5040	296.9163	233.8228
26	661.JPG	70.0938	211.3315	337.9213	287.3031
28	663.JPG	70.1672	191.0377	305.0670	244.0712
30	665.JPG	99.5431	247.5517	364.6149	254.4612
32	667.JPG	55.8778	189.1720	321.9061	223.5831
34	669.JPG	128.7208	262.1491	352.4656	257.2210
36	671.JPG	59.3667	154.0940	285.2382
38	673.JPG	73.6661	247.8562	429.8173	391.6172	207.7877
39	674.JPG	48.4315	160.0811	264.3120	281.4677	150.2718
41	676.JPG	77.8603	129.9068	233.6740	265.2831	164.1691
42	677.JPG	136.3330	227.1996	323.9547	218.1486
43	678.JPG	143.8554	282.1648	251.1321	198.5353
44	679.JPG	244.3622	387.8276	381.6764	281.7923
45	680.JPG	105.6619	244.9027	381.5483	385.8103	247.7338
46	681.JPG	81.0815	186.1235	297.6892	155.3015	266.5441
47	682.JPG	73.5198	166.4281	340.7003	154.5298	278.6829
49	684.JPG	205.3472	339.2120	380.8013	310.2208
50	685.JPG	173.0497	312.0833	127.0009	325.5012	191.0407
57	692.JPG	150.3939	562.4824	685.0952	489.6189	201.5537
58	693.JPG	182.7745	882.5143	510.5250	895.2138	612.1198	527.0684
59	694.JPG	116.2482	193.0505	316.8714	284.9244	295.8881	237.6483
60	695.JPG	88.9669	171.6979	187.8160	98.8185	280.2342	177.7287
61	696.JPG	76.3556	172.0118	250.6649	297.0699	180.1632
63	698.JPG	53.9133	182.3806	286.5236	352.0761	189.2453
65	700.JPG	52.1672	118.5444	186.0872	308.3148	178.4985
67	702.JPG	182.2182	311.0341	307.4713	162.2625
69	704.JPG	58.5071	176.7120	289.7219	315.8220	162.3790
71	706.JPG	75.7975	204.3953	337.2138	381.7933	203.2402
73	708.JPG	88.0647	190.3197	304.2202	161.7246
75	710.JPG	53.7022	139.9114	286.5396	319.9549	159.9915
77	712.JPG	304.2961	200.1732	523.5341	283.1232
79	714.JPG	51.7199	132.5201	226.0001	116.7853
81	716.JPG	101.5536	171.8318	274.0356	308.0570	331.2281	217.2775
83	718.JPG	196.6614	306.3594	388.6996	363.3301	218.4033
84	719.JPG	198.9371	290.7983	361.6092	370.6668	211.1557
86	750.JPG	183.7812	107.8112	411.7938	267.7700
87	751.JPG	70.7407	225.3064	332.5858	389.3766	238.7164
90	754.JPG	68.2466	118.4559	212.0147	346.5306	199.7158
92	756.JPG	77.0284	215.9598	306.5650	424.0651	231.0554
94	759.JPG	165.2528	313.6991	335.8822	192.0626
99	813.JPG	56.4661	143.7806	227.2697	127.1973
100	814.JPG	55.3119	144.2043	267.2505	189.3101
102	816.JPG	87.1389	179.7192	312.9339	435.4760	360.0677	206.4803
104	818.JPG	69.4754	218.6407	368.2117	192.0280
107	821.JPG	83.0160	211.6799	288.5720	149.0740
108	822.JPG	83.1361	236.8248	401.4055	242.0833
110	824.JPG	56.9168	157.4716	245.8224	152.5894
113	827.JPG	78.8861	221.3155	375.2211	237.5770
115	829.JPG	63.7000	147.3753	211.3533	115.6953
116	830.JPG	63.4028	150.7398	212.7133	114.6135
117	831.JPG	52.7110	130.2259	203.7208	116.9367
118	832.JPG	50.7108	129.5937	200.4110	115.3705
119	833.JPG	93.3929	224.4427	377.2417	277.7884
