Marker	FileName	Leaf_1	Leaf_2	Leaf_3	Leaf_4	Leaf_5

1	20180220_155138.jpg	99.0102	274.2243	213.8157	173.5833
2	20180220_155141.jpg	99.0623	272.8021	212.4905	172.4982
3	20180220_155650.jpg	92.7056	220.4035	323.5482	237.2142
4	20180220_155653.jpg	92.7550	219.0911	325.0384	234.2284
5	20180220_160118.jpg	104.9803	227.9490	306.5824	224.6997
6	20180220_160120.jpg	105.6728	228.6289	305.0798	225.7215
7	20180220_160542.jpg	107.1053	215.4328	294.7626	196.6403
8	20180220_160544.jpg	107.9589	218.4250	297.2911	198.2670
9	20180220_161159.jpg	123.4809	273.4587	421.5155	299.3212
10	20180220_161201.jpg	120.7832	274.3270	420.9100	299.7594
11	20180220_161532.jpg	109.4826	255.6252	375.9463	286.3230
12	20180220_161534.jpg	109.2968	256.1099	376.6319	284.6449
13	20180220_162021.jpg	110.3084	258.0021	408.6682	289.6067
14	20180220_162022.jpg	109.6743	257.6830	411.6717	292.1073
15	20180220_162305.jpg	123.6622	266.6946	446.3122	324.5421
16	20180220_162307.jpg	125.1421	269.3404	450.0609	327.2016
17	20180220_162314.jpg	122.3990	273.3359	445.6127	325.7601
18	20180220_162314(0).jpg	122.4713	277.1480	446.2934	325.2473
19	20180220_162946.jpg	126.7717	266.1705	404.1908	268.2697
20	20180220_162947.jpg	122.6506	259.6016	396.1904	261.9501
21	20180220_163446.jpg	95.6224	234.2489	384.4639	283.3894
22	20180220_163448.jpg	96.1738	232.6555	388.8388	282.1300
23	20180220_164111.jpg	91.3356	219.4783	357.9768	229.8789
24	20180220_164113.jpg	89.6492	218.9981	356.9957	229.6484
25	20180220_165051.jpg	74.3134	170.3275	294.4325	198.3407
26	20180220_165054.jpg	74.8369	181.1696	298.3259	199.9036
27	20180222_120621.jpg	101.8953	256.2718	376.0072	188.4726
28	20180222_120625.jpg	99.9003	240.7687	373.1254	187.7815
29	20180222_121104.jpg	122.7382	315.3757	439.1157	388.0264
30	20180222_121105.jpg	120.1935	315.4248	438.4085	381.1586
31	20180222_121559.jpg	143.5707	349.0360	545.6943	351.0798
32	20180222_121603.jpg	140.9924	346.9742	544.7466	348.9266
33	20180222_122014.jpg	127.5178	312.7639	454.8941	308.1997
34	20180222_122016.jpg	130.1517	317.1079	454.3706	306.9823
35	20180222_122643.jpg	132.5363	287.2907	399.1505	256.4972
36	20180222_122646.jpg	131.0614	288.8976	395.4231	255.6715
40	20180227_160348.jpg	76.5203	187.0965	282.2311	151.3438
41	20180227_160350.jpg	76.4770	187.3918	281.2920	150.9999
42	20180227_160727.jpg	90.7984	207.3954	330.9680	195.2297
43	20180227_160731.jpg	92.2083	190.4206	331.2229	195.5782
44	20180227_161056.jpg	63.3978	152.8228	269.5424	308.1381	205.2663
45	20180227_161057.jpg	63.9059	151.4841	270.7046	310.0651	204.7540
46	20180227_161558.jpg	80.3632	220.8170	227.6527	334.4541
47	20180227_161559.jpg	82.4398	220.4886	228.8095	323.7509
48	20180227_162116.jpg	73.4934	201.9140	293.2300	142.2877
49	20180227_162117.jpg	73.6752	202.5019	290.9632	142.1861
50	20180227_162510.jpg	78.1851	203.2781	318.5827	169.3814
51	20180227_162512.jpg	76.9784	205.4844	319.3001	170.0704
52	20180227_162756.jpg	93.6226	224.7995	405.1011	217.2219
53	20180227_162757.jpg	93.4837	225.8730	401.6694	217.1757
54	20180227_163939.jpg	68.8704	202.4914	300.2178	157.5772
55	20180227_163940.jpg	68.3185	204.4041	301.4181	156.7733
56	20180227_164615.jpg	50.6070	148.7686	225.7841	135.8995
57	20180227_164616.jpg	50.4825	150.4135	231.9062	138.3844
58	20180227_165654.jpg	46.0686	110.4132	146.8394	93.2716
59	20180227_165656.jpg	46.9854	112.6903	149.0359	93.4003
60	20180227_170523.jpg	42.6688	122.1432	184.4772	103.5227
61	20180227_170525.jpg	42.6644	121.0439	183.7939	102.9964
62	20180227_171405.jpg	86.2916	178.7869	231.1363	141.2360
63	20180227_171409.jpg	85.7951	178.8888	230.1965	141.2007
64	20180227_171534.jpg	64.8199	151.9740	243.7921	134.5021
65	20180227_171535.jpg	64.3616	152.0072	242.5363	133.2520
66	20180227_172109.jpg	56.9662	148.9521	234.5670	175.0347
67	20180227_172112.jpg	57.0048	147.3742	234.0075	173.6474
68	20180301_140301.jpg	68.2219	185.5951	341.9946	339.1700	232.6772
69	20180301_140332.jpg	64.1221	182.7447	368.7563	373.7672	234.5243
70	20180301_140558.jpg	74.0987	186.0072	373.3395	333.2137	246.6406
71	20180301_140600.jpg	72.1958	185.7945	373.8341	330.6783	245.2864
72	20180301_141014.jpg	71.2245	181.1448	310.3573	462.7550	270.8678
73	20180301_141015.jpg	71.9910	180.8150	306.9230	466.2083	270.8770
74	20180302_122039.jpg	94.8772	272.0518	335.6350	195.9074
75	20180302_122041.jpg	91.1737	259.0706	340.5225	194.7891
76	20180302_122349.jpg	40.6131	105.6825	228.6740	121.2837
77	20180302_122351.jpg	38.7057	104.5585	225.9309	120.7534
78	20180302_123223.jpg	100.4874	268.9833	424.8120	425.5610	359.8880
79	20180302_123225.jpg	102.3713	268.0399	427.2590	435.8870	359.5036
80	20180302_123509.jpg	70.0426	155.5620	189.0317	99.1901
81	20180302_123510.jpg	66.9616	154.9314	188.0109	97.7804
82	20180302_123637.jpg	43.1535	115.7398	212.2222	132.5871
83	20180302_123638.jpg	44.4412	117.3918	216.6182	134.8842
84	20180302_124445.jpg	46.3020	130.9661	219.9308	110.0632
